[0.574549 0.731665 0.425234 1.112353]{-7126}

[1.030748 0.660170 0.524505 1.189264]{-1917}

[0.651692 0.873259 0.190391 3.453516]{-124}

[0.310249 1.349115 0.300689 3.351733]{-81}

[1.715864 0.677558 2.474874 0.123888]{-784}

[0.737764 0.722787 0.004104 3.137493]{-130}

[0.264137 0.577981 0.068717 3.190391]{-201}

[0.784717 1.966346 0.688682 3.951577]{0}

[0.772717 0.966533 0.295698 3.166732]{-111}

[0.608612 1.216208 -0.123574 3.847458]{-84}

[1.594592 0.933943 3.039151 0.343573]{-1264}

[0.968344 1.763945 0.932468 1.990579]{-280}

[1.206621 0.713068 0.507025 1.768285]{-1870}

[0.283861 1.208094 0.205476 2.397434]{-92}

[2.458590 0.523634 3.441019 0.123617]{-817}

[1.230580 0.334288 1.507666 0.453394]{-5304}

[1.061150 1.580266 0.897533 2.114514]{-342}

[1.004435 1.503090 0.810614 2.014871]{-294}

[0.779069 0.633133 0.206168 3.005920]{-154}

[1.192060 0.780042 0.320864 3.817851]{-111}

[0.527103 0.667824 0.209134 1.475115]{-1064}

[0.965530 1.586329 0.881302 2.013732]{-377}

[1.203789 0.361633 0.374397 1.080367]{-689}

[0.811653 1.507501 0.848327 1.598803]{-538}

[1.745038 0.684423 2.016488 0.509023]{-1011}

[1.076374 1.240862 0.727821 2.028136]{-388}

[1.089388 1.276959 0.739248 2.066684]{-318}

[0.838413 1.150645 0.659437 1.697325]{-742}

[0.530266 0.918058 0.296894 2.172960]{-154}

[1.685500 0.613559 2.514136 0.211637]{-1329}

[0.330980 0.265898 0.037832 3.543386]{-201}

[0.510765 0.848423 -0.010466 1.715038]{-104}

[0.717547 0.701375 0.362144 1.644500]{-2454}

[1.124226 1.508024 0.843817 2.130519]{-298}

[0.696100 1.067218 0.318761 2.848715]{-102}

[0.521054 1.113988 -0.069525 2.957787]{-94}

[0.721072 0.755214 0.376518 1.792566]{-1694}

[0.758100 0.708415 0.270114 2.885270]{-142}

[1.095139 0.729510 0.701487 1.074060]{-1353}

[0.903382 1.048630 0.332835 3.290702]{-102}

[0.512447 0.749807 0.178580 3.555379]{-151}

[2.097671 0.286944 3.182196 0.534935]{-2855}

[0.599143 0.955857 0.411595 1.694518]{-391}

[0.900907 1.626286 0.854223 1.954886]{-296}

[0.666471 1.055046 0.507105 1.779837]{-225}

[0.834772 1.244600 0.173193 3.862838]{-61}

[1.207682 1.514570 1.019729 1.888465]{-51}

[0.322114 0.548436 -0.059936 3.527896]{-186}

[0.567087 0.789006 0.101246 2.546810]{-130}

[0.761816 0.356070 1.724041 0.136310]{-11613}

[0.897638 1.600158 0.922665 1.841120]{-685}

[0.630632 0.856230 0.333221 2.459432]{-217}

[1.719742 0.582075 2.008681 0.264375]{-861}

[1.715156 0.750748 2.988763 0.466435]{-1923}

[0.347368 0.366016 0.060673 1.541935]{-201}

[0.657754 0.861217 0.468091 1.435799]{-1667}

[0.514185 0.738266 0.287550 1.455384]{-1563}

[0.668369 1.091839 0.603713 1.415187]{-1516}

[1.038384 1.225000 0.794853 1.756195]{-931}

[0.522524 0.647846 0.281614 1.302928]{-3233}

[2.048157 0.866250 2.512188 0.403756]{-286}

[0.497587 0.405478 0.019314 3.131195]{-201}

[0.333234 0.962221 0.378339 1.249914]{-661}

[0.588880 0.899753 0.053312 3.993871]{-118}

[0.987100 1.229585 0.211284 3.983333]{-13}

[1.101099 0.983376 0.867351 1.168606]{-680}

[1.097349 1.599421 1.031371 1.923357]{-246}

[0.790272 0.717008 0.252187 2.321506]{-359}

[0.607219 0.773180 0.468146 1.127889]{-6578}

[0.563080 0.794414 0.432317 1.220479]{-4016}

[1.722798 0.798022 2.676686 0.013740]{-462}

[1.645177 0.592688 1.671900 0.486549]{-828}

[1.313472 0.607660 1.981460 0.515719]{-3576}

[1.373783 1.185662 0.730979 2.404760]{-200}

[0.305635 0.817230 0.152012 3.965914]{-136}

[1.025139 0.770167 0.348260 2.495240]{-294}

[1.580848 0.258686 1.733679 0.296841]{-2395}

[2.379679 0.354358 2.225835 0.289198]{-327}

[0.427921 1.048479 -0.017506 3.187534]{-100}

[0.616767 1.131511 0.246058 2.411281]{-48}

[1.657743 0.305068 2.067972 -0.202432]{-854}

[0.481649 0.792594 0.167655 1.997346]{-129}

[0.449431 0.437134 -0.043535 3.635772]{-201}

[0.922718 0.714953 0.441679 1.637346]{-1976}

[0.938273 1.143578 0.402621 3.636201]{-76}

[0.666851 0.963060 0.246371 2.755944]{-113}

[0.877287 0.802127 0.352880 2.601653]{-584}

[1.150663 1.753026 1.035191 2.212495]{-330}

[0.731271 0.920996 0.024052 3.237663]{-114}

[0.410577 0.838000 0.120905 3.648637]{-131}

[0.458121 0.492177 0.035351 3.765481]{-201}

[0.856733 0.871521 0.299194 2.524358]{-125}

[1.059197 0.708248 0.376844 2.288831]{-623}

[0.651606 0.883440 0.054948 3.563701]{-121}

[0.496531 0.724775 0.349073 1.257045]{-3661}

[0.909442 0.303224 0.095160 3.805720]{-201}

[1.776910 0.286178 1.783722 -0.152699]{-409}

[1.133512 0.639471 1.835497 0.405300]{-3658}

[0.346328 1.276971 0.512716 1.086990]{-1839}

[0.000000 0.000000 0.000000 0.000000]{-40401}